Grade	time	size	nodes	ER	agedx	vs	delta
3	69	3	3	2	2	1	0
1	37	1	1	1	2	0	0
3	87	2	1	2	2	0	0
2	107	1	1	1	2	1	0
2	66	2	3	1	2	1	1
3	136	1	1	1	2	0	0
2	91	2	4	1	2	1	1
1	102	1	1	1	2	1	0
1	27	1	1	1	2	0	0
2	44	1	3	1	2	0	0
1	104	2	3	1	2	0	0
3	47	1	3	1	2	1	1
2	89	1	1	1	1	0	0
2	130	1	1	1	2	0	0
3	71	1	1	1	2	1	0
2	7	2	2	1	2	1	0
2	101	1	2	2	2	0	0
1	49	1	2	2	2	1	0
3	120	1	1	1	2	0	0
2	35	2	1	1	2	1	1
3	17	2	2	1	2	1	1
3	99	1	1	1	2	0	0
2	116	1	1	1	2	0	0
1	108	1	1	1	2	0	0
2	76	1	1	1	2	1	0
2	65	2	1	1	2	0	0
3	47	1	1	1	2	0	0
2	118	1	2	1	2	0	0
1	61	1	2	1	2	0	0
1	113	1	1	2	2	1	0
3	38	1	2	1	2	1	0
2	74	2	3	1	2	0	0
2	69	1	1	1	2	0	0
3	56	1	1	1	2	0	0
2	40	2	2	1	2	0	0
2	104	1	1	1	2	0	0
3	62	1	1	1	2	0	0
3	106	1	1	1	2	0	0
2	58	1	2	2	2	0	0
3	86	2	2	1	2	1	0
3	112	1	1	2	2	0	0
3	111	1	1	2	2	0	0
2	112	1	1	1	2	1	0
2	125	1	1	1	2	0	0
3	21	2	1	2	2	1	1
2	69	1	1	1	2	0	0
1	24	1	1	1	2	0	0
2	31	1	1	1	2	0	0
2	33	1	1	1	2	0	0
1	60	1	1	1	2	0	0
3	15	2	1	1	2	1	1
3	72	1	1	2	2	1	0
3	26	2	1	2	2	1	1
3	4	2	1	2	2	1	1
3	47	1	1	1	2	1	1
2	106	1	1	1	2	0	0
2	67	1	1	1	2	0	0
2	4	2	3	1	2	1	1
1	27	1	1	1	2	1	0
2	106	2	1	1	2	1	1
2	116	1	3	1	2	0	0
3	126	1	2	1	1	0	0
2	122	1	1	1	2	0	0
2	15	1	4	1	2	1	1
3	66	2	1	1	2	0	0
2	38	1	2	1	2	0	0
3	46	2	1	2	2	0	0
1	108	1	1	2	2	0	0
3	109	1	1	1	2	0	0
2	33	1	1	1	2	0	0
2	106	1	1	1	2	1	1
3	9	2	2	2	2	1	1
1	32	1	3	1	2	0	0
1	74	2	1	1	2	0	0
3	61	1	1	1	2	0	0
2	65	1	1	1	2	1	0
2	75	1	2	1	2	0	0
2	75	1	1	2	2	0	0
2	28	2	1	1	2	1	1
3	138	1	1	2	1	0	0
2	78	1	1	2	2	1	1
3	50	2	2	1	2	0	0
2	84	1	1	1	1	0	0
2	14	2	1	1	2	1	0
2	141	1	1	1	2	0	0
2	35	1	1	2	2	0	0
3	49	2	1	1	2	0	0
2	26	1	1	1	2	0	0
2	64	1	1	1	2	1	0
2	79	2	1	1	2	0	0
2	112	1	1	1	2	0	0
3	123	3	2	1	2	1	1
2	105	1	1	1	2	0	0
2	61	1	1	1	2	0	0
2	53	1	1	2	1	0	0
1	91	1	1	1	2	0	0
3	19	1	1	2	1	0	0
1	34	1	1	1	2	0	0
2	33	3	2	2	2	1	0
2	71	2	3	1	2	1	0
3	26	2	1	1	2	0	0
1	32	1	2	1	2	0	0
2	57	2	1	1	2	0	0
3	117	1	1	2	2	0	0
2	10	1	1	1	2	0	0
2	68	1	1	1	2	0	0
2	7	1	1	1	2	1	0
2	8	1	4	2	2	1	1
2	32	1	2	1	1	0	0
2	46	1	1	1	2	0	0
2	115	1	1	1	2	0	0
3	98	2	1	2	2	0	0
2	68	1	1	1	2	0	0
2	101	1	1	1	1	0	0
2	93	1	2	1	2	0	0
1	30	1	1	1	2	0	0
3	39	1	1	1	2	0	0
3	88	2	1	2	2	0	0
1	112	1	1	1	2	0	0
1	114	1	1	1	2	0	0
3	110	1	2	2	2	0	0
1	115	1	1	1	2	0	0
2	67	1	1	1	2	0	0
2	128	2	2	1	2	0	0
1	58	1	1	1	2	0	0
2	67	1	1	1	2	1	0
2	139	1	2	2	1	0	0
3	56	2	2	1	2	0	0
2	104	1	1	1	2	0	0
3	41	1	1	1	2	1	0
3	50	1	2	1	2	0	0
1	81	1	1	1	2	0	0
2	112	1	1	1	2	0	0
3	73	1	2	2	2	0	0
1	119	1	1	2	1	0	0
2	110	1	2	1	1	0	0
2	97	1	2	1	1	0	0
2	79	1	2	1	2	1	1
2	49	1	1	1	2	0	0
3	73	1	1	2	2	0	0
2	33	2	1	1	2	1	0
3	7	1	1	2	2	1	1
3	71	1	1	2	2	0	0
2	137	1	1	2	2	0	0
2	132	2	2	1	2	0	0
2	114	1	1	1	2	0	0
2	107	2	1	1	2	0	0
2	104	1	1	2	2	0	0
2	63	1	2	1	2	1	0
2	72	1	1	1	2	0	0
2	75	1	1	2	2	0	0
1	96	1	1	1	2	0	0
2	85	1	1	1	1	0	0
2	29	1	1	1	2	0	0
1	28	1	1	2	2	0	0
2	17	1	1	1	2	1	0
2	93	1	1	1	2	1	0
2	32	1	1	1	2	0	0
3	105	1	1	2	1	0	0
2	120	1	1	1	2	0	0
2	102	1	1	1	1	0	0
2	35	2	3	1	2	1	0
3	52	2	3	1	2	1	1
1	65	1	1	1	1	0	0
2	64	1	1	1	2	0	0
2	53	1	1	1	2	1	1
3	92	1	1	1	2	0	0
1	18	2	2	1	1	0	0
3	96	1	1	2	2	0	0
3	13	2	3	2	2	1	1
2	101	1	1	1	2	0	0
3	46	1	2	1	2	0	0
1	33	1	1	1	2	1	0
1	113	1	1	1	2	0	0
2	58	2	1	1	2	0	0
2	56	2	1	1	2	0	0
3	76	2	2	1	2	1	0
1	98	1	1	1	2	0	0
2	28	1	1	1	2	1	1
3	90	1	1	1	2	0	0
2	81	1	1	2	2	0	0
1	34	1	2	1	2	0	0
2	107	1	1	1	2	0	0
2	117	1	1	1	2	0	0
2	121	1	1	1	2	0	0
2	128	1	2	1	2	0	0
2	31	2	2	1	2	1	0
1	44	1	1	1	2	0	0
3	63	1	1	1	2	0	0
2	63	1	2	1	2	0	0
2	39	1	1	1	2	0	0
3	35	1	1	1	2	0	0
2	52	2	3	1	2	1	0
2	24	2	1	1	2	1	1
2	43	2	2	1	2	0	0
3	34	1	1	1	2	0	0
1	90	1	2	1	2	0	0
3	51	1	2	1	2	0	0
1	130	2	1	1	2	0	0
1	25	1	1	1	2	0	0
2	78	1	1	1	2	1	0
2	36	1	1	1	2	0	0
1	52	2	1	1	2	0	0
3	106	1	1	2	2	0	0
2	78	1	2	1	2	0	0
1	69	1	1	1	2	1	0
3	41	2	1	1	2	1	0
1	142	1	1	1	2	0	0
2	49	1	1	1	2	0	0
1	24	1	1	1	2	1	0
3	134	1	1	2	1	0	0
3	58	2	2	2	1	1	1
3	145	1	2	1	2	0	0
2	117	1	1	1	2	0	0
2	63	1	1	1	2	0	0
3	53	1	1	1	2	1	0
1	19	2	1	1	2	1	0
2	32	1	2	1	2	0	0
1	98	1	1	2	2	0	0
2	69	2	1	1	2	1	0
3	99	2	1	1	2	0	0
3	57	1	1	1	2	0	0
2	59	1	1	1	2	0	0
1	56	2	2	1	2	1	0
3	29	1	1	1	1	0	0
2	75	1	1	1	2	1	1
1	80	1	1	1	2	1	0
1	42	1	1	2	2	0	0
3	52	2	2	2	2	1	1
2	12	2	3	1	2	1	1
1	29	1	1	1	2	1	0
2	32	1	1	1	2	0	0
3	1	2	2	1	2	1	0
2	40	1	1	1	2	0	0
2	84	1	1	1	2	0	0
2	5	1	1	1	2	1	0
3	13	1	1	1	2	1	1
2	66	1	2	1	2	0	0
2	63	1	1	1	2	0	0
2	76	2	1	1	2	0	0
1	40	1	1	1	2	0	0
3	29	2	1	1	2	1	0
3	68	1	1	1	2	0	0
2	60	2	1	1	2	0	0
3	30	2	1	1	1	0	0
3	141	1	1	1	2	0	0
2	28	3	3	1	2	1	1
2	78	1	1	1	2	0	0
3	45	2	3	1	2	0	0
2	78	1	1	1	2	1	0
2	73	1	1	1	2	0	0
2	25	1	2	1	2	1	0
2	72	2	1	1	2	1	0
2	56	3	4	2	2	1	1
1	54	1	1	1	2	0	0
1	97	1	1	1	2	0	0
2	30	1	1	1	2	0	0
3	57	2	1	2	2	0	0
3	28	1	1	2	1	0	0
2	82	1	1	2	1	0	0
3	80	1	1	1	2	0	0
2	100	1	1	1	2	0	0
3	22	2	3	2	2	1	0
2	117	2	1	2	2	0	0
2	41	1	2	1	2	0	0
2	68	1	1	2	2	0	0
2	6	1	1	1	2	1	0
3	135	1	1	2	2	0	0
2	78	1	1	2	2	0	0
2	49	1	1	1	2	0	0
3	111	1	2	1	2	0	0
3	30	1	2	1	2	0	0
1	30	1	2	1	1	0	0
3	86	2	1	1	2	1	0
1	133	2	2	1	2	0	0
2	117	1	1	1	2	0	0
2	26	1	1	1	2	1	0
2	65	2	1	2	2	0	0
1	65	1	1	1	2	0	0
2	42	1	1	1	2	0	0
3	112	1	1	2	2	0	0
3	28	3	1	2	2	0	0
2	48	2	2	1	1	0	0
3	37	1	1	1	2	1	1
3	130	2	1	1	2	0	0
3	44	2	1	2	2	1	1
3	53	2	2	1	2	1	0
2	69	1	1	2	2	0	0
1	114	1	1	1	2	0	0
3	7	2	4	1	2	1	1
3	3	2	1	1	2	1	1
3	39	2	4	1	2	0	0
3	25	2	3	1	2	1	1
2	28	1	1	2	2	1	0
3	133	2	1	2	2	0	0
3	103	2	1	1	2	0	0
2	39	2	1	1	2	0	0
1	39	1	2	1	2	0	0
3	134	2	3	1	1	0	0
1	29	1	1	1	2	0	0
3	65	2	2	1	1	0	0
2	29	1	3	1	2	1	1
2	90	1	1	1	2	1	0
1	95	1	2	1	2	0	0
2	135	1	1	1	2	0	0
1	42	1	1	1	2	0	0
3	45	1	1	2	2	0	0
2	115	1	1	1	2	0	0
3	46	2	3	2	2	1	1
1	14	1	2	1	2	1	1
3	48	1	1	2	2	0	0
2	74	1	2	1	2	1	0
2	45	2	2	1	2	0	0
3	25	1	1	2	1	1	1
3	88	2	3	1	2	1	1
1	80	1	1	1	2	1	0
2	24	1	2	1	2	0	0
2	32	2	3	1	2	1	0
2	43	2	1	1	2	1	0
1	43	2	1	2	2	1	0
2	75	1	2	1	2	0	0
1	21	1	1	1	2	1	0
2	96	1	1	1	2	0	0
3	6	3	4	2	2	1	1
1	81	1	1	1	2	0	0
3	106	2	1	2	1	1	1
2	37	1	2	1	2	1	0
2	10	1	1	1	2	1	0
2	97	2	2	1	1	0	0
1	49	1	1	1	2	0	0
2	79	1	1	1	2	1	0
3	115	2	1	2	2	0	0
3	12	1	1	2	2	0	0
2	45	1	1	1	2	0	0
2	92	1	1	2	2	0	0
3	18	2	2	2	2	1	1
2	60	1	1	1	2	0	0
1	40	1	1	1	2	0	0
2	65	2	1	1	1	0	0
2	78	2	1	1	2	0	0
3	81	3	1	1	2	1	1
2	116	1	3	2	2	0	0
2	7	1	2	1	2	0	0
2	50	1	1	1	2	0	0
1	52	2	1	1	2	0	0
1	68	2	1	1	2	0	0
2	144	1	1	1	1	0	0
1	112	1	1	1	2	0	0
1	58	1	1	1	2	0	0
3	46	1	1	2	1	1	0
2	27	1	1	1	2	1	0
3	138	2	2	1	2	0	0
3	40	1	1	2	2	1	0
2	61	1	1	1	2	0	0
3	132	1	1	2	1	0	0
1	50	1	2	1	2	0	0
2	58	1	1	1	2	1	0
2	113	1	1	1	2	0	0
2	25	1	1	1	2	0	0
3	88	2	1	1	2	0	0
2	31	1	1	1	2	0	0
3	61	1	2	2	1	0	0
2	138	2	1	2	1	0	0
3	88	1	1	1	2	0	0
2	80	1	1	1	2	0	0
3	85	2	1	1	2	0	0
2	58	1	1	1	2	0	0
2	43	1	1	1	2	0	0
2	111	1	3	1	2	1	0
2	106	1	1	1	2	0	0
3	49	1	1	1	2	1	0
1	74	1	1	1	2	1	0
3	2	2	3	2	2	1	1
2	34	2	1	1	2	1	0
2	35	3	1	1	2	0	0
2	90	1	1	1	2	0	0
3	114	1	1	1	2	0	0
2	42	1	1	1	2	0	0
1	26	2	1	1	2	0	0
2	105	2	1	1	2	0	0
3	91	1	1	2	1	0	0
1	88	1	1	1	2	0	0
3	34	2	1	1	2	1	1
3	119	1	1	2	1	0	0
2	27	1	1	1	2	1	0
2	48	1	1	1	1	0	0
2	54	2	1	1	2	0	0
2	45	1	1	2	2	1	1
3	44	1	1	2	2	0	0
3	43	1	2	1	2	1	1
3	70	1	2	1	2	0	0
2	95	2	1	1	2	0	0
3	83	2	1	1	2	1	0
3	100	1	1	2	1	0	0
2	66	1	1	1	2	0	0
1	115	1	2	1	2	0	0
2	117	1	1	2	2	0	0
2	112	2	4	1	2	0	0
3	37	2	1	1	2	0	0
3	25	2	1	1	2	0	0
1	77	1	1	1	2	1	0
2	129	1	1	1	2	0	0
2	94	1	1	2	2	0	0
3	52	2	3	2	2	1	1
2	85	1	2	1	2	0	0
3	41	1	1	1	2	1	1
3	76	2	3	1	2	0	0
2	37	1	1	1	2	0	0
1	94	1	2	1	1	0	0
3	42	1	1	1	2	0	0
3	107	2	1	2	2	0	0
3	123	2	1	1	1	0	0
2	78	1	1	1	2	0	0
3	49	1	3	1	2	1	0
3	108	1	3	1	2	0	0
2	103	1	2	2	2	0	0
2	32	1	1	1	2	0	0
2	86	1	1	2	2	1	0
2	17	2	1	1	1	1	1
3	28	2	1	1	2	1	0
1	145	1	2	1	2	1	0
2	60	2	1	1	2	1	0
3	66	3	2	2	2	0	0
3	54	2	2	2	1	1	0
1	37	1	1	1	2	0	0
3	49	1	1	2	2	0	0
3	79	1	1	2	1	0	0
2	92	1	1	1	2	1	0
2	144	3	2	2	2	0	0
2	88	1	1	1	2	0	0
3	37	1	3	2	2	0	0
3	92	2	2	1	2	1	0
2	62	1	2	1	2	0	0
3	65	1	1	1	2	1	0
2	143	1	1	1	1	0	0
1	26	1	1	1	2	0	0
2	64	2	1	1	2	0	0
2	51	1	1	1	2	0	0
2	91	1	1	1	2	0	0
1	150	1	1	2	2	0	0
2	49	1	1	1	2	0	0
2	50	1	1	1	2	1	1
3	105	2	3	2	1	0	0
1	66	1	1	1	1	0	0
3	38	3	4	1	2	1	1
2	137	1	1	1	2	0	0
2	66	2	1	1	2	0	0
2	25	1	1	1	2	0	0
2	109	1	1	1	2	0	0
3	51	1	1	2	2	0	0
3	18	2	2	2	1	1	1
3	45	1	1	1	2	0	0
3	71	2	1	2	1	0	0
3	97	2	1	1	2	0	0
2	31	1	1	1	2	0	0
1	87	1	1	1	2	1	0
2	61	1	1	1	1	0	0
2	25	1	1	1	2	0	0
2	48	1	1	1	2	0	0
1	66	1	1	1	2	0	0
3	132	1	2	1	2	0	0
3	20	2	3	2	2	1	1
2	135	1	2	1	1	0	0
2	91	2	2	1	2	0	0
1	141	1	2	1	1	0	0
3	50	1	1	1	2	0	0
1	44	1	1	1	2	0	0
2	71	1	1	1	2	0	0
3	29	1	1	2	2	0	0
2	125	1	1	1	2	0	0
2	116	1	1	1	2	0	0
2	27	3	3	1	2	1	1
2	38	2	1	1	2	1	1
2	76	1	1	2	2	0	0
3	30	1	3	1	2	1	0
2	51	1	2	1	2	0	0
1	107	1	1	1	2	0	0
2	82	1	1	1	2	1	1
2	48	2	1	1	2	1	1
2	69	1	1	1	2	0	0
2	114	1	1	1	2	0	0
2	59	2	1	1	2	1	1
3	86	2	2	1	2	0	0
1	39	1	1	1	2	0	0
3	10	1	1	1	1	0	0
3	132	1	1	1	1	0	0
3	32	2	3	1	2	1	1
1	29	1	1	1	2	0	0
3	115	1	1	2	2	0	0
2	45	1	2	1	2	0	0
2	41	1	1	1	2	0	0
2	52	2	1	1	2	0	0
2	89	1	1	1	2	0	0
3	21	1	2	2	1	1	0
3	77	2	2	1	2	0	0
1	108	1	1	1	2	0	0
1	37	1	2	1	2	0	0
3	112	1	1	2	2	0	0
3	118	2	2	2	1	0	0
3	35	1	1	1	2	0	0
1	33	2	1	1	2	0	0
1	70	1	1	1	2	0	0
3	105	1	1	1	2	0	0
1	119	1	3	1	1	0	0
1	117	1	1	1	2	0	0
2	29	1	2	1	2	1	0
1	24	1	1	1	2	0	0
1	110	1	1	1	1	0	0
2	73	1	1	1	2	1	0
2	101	1	1	1	2	0	0
2	64	1	1	1	2	1	0
2	16	2	3	1	2	1	0
2	16	2	2	1	2	1	0
3	82	1	3	1	2	0	0
3	35	2	3	1	2	1	1
2	75	2	2	1	2	0	0
2	0	1	1	1	2	1	0
3	83	2	1	1	2	1	0
2	45	1	1	1	2	0	0
2	37	2	1	1	2	1	1
1	65	1	1	1	2	1	0
3	107	2	1	2	2	0	0
2	141	2	1	2	1	0	0
3	77	2	1	2	1	0	0
2	57	2	2	1	2	0	0
1	134	1	1	2	2	0	0
3	26	1	1	2	2	0	0
2	148	1	1	1	2	0	0
2	148	1	2	1	1	0	0
3	105	2	1	2	1	0	0
3	109	2	1	2	2	0	0
2	84	1	1	1	2	0	0
1	3	1	1	1	2	1	0
2	42	1	1	1	2	0	0
2	14	1	1	1	2	1	0
3	128	1	2	2	2	0	0
1	42	1	1	1	2	0	0
3	23	1	1	2	2	1	0
2	89	1	1	1	2	0	0
3	57	2	1	1	1	0	0
2	6	2	2	1	2	1	1
1	38	1	1	1	2	0	0
3	140	1	4	2	1	0	0
2	37	2	2	2	2	1	1
2	133	1	1	1	2	0	0
2	153	1	1	1	2	0	0
2	25	2	4	2	1	0	0
2	68	2	4	2	2	1	1
3	19	1	1	2	1	1	1
3	82	2	2	1	2	0	0
1	40	1	1	1	2	0	0
2	74	1	1	1	2	0	0
2	32	1	1	1	2	0	0
3	30	1	1	1	2	0	0
3	47	1	1	2	1	0	0
2	60	1	1	1	2	1	0
3	127	2	1	1	2	0	0
1	105	1	1	1	2	0	0
1	107	1	1	1	2	0	0
2	44	1	2	1	2	1	0
2	63	1	1	1	2	0	0
3	60	2	1	1	2	1	0
1	123	1	1	1	1	0	0
3	99	2	1	1	2	0	0
2	124	1	1	1	2	0	0
3	62	1	1	1	1	0	0
2	32	1	1	1	2	0	0
1	79	1	1	1	2	0	0
3	57	1	1	1	2	1	0
2	44	1	1	2	2	0	0
1	58	1	1	1	2	1	0
2	113	1	1	1	2	0	0
3	49	2	3	1	2	1	0
2	94	1	1	1	2	0	0
3	134	1	2	2	2	0	0
3	121	2	1	1	2	0	0
2	127	1	2	2	2	0	0
2	7	1	3	1	2	1	0
1	114	1	1	1	2	0	0
3	53	1	1	2	2	1	0
2	152	1	1	1	2	0	0
2	64	1	2	1	2	1	1
2	53	1	1	1	2	1	0
2	71	2	1	2	2	0	0
2	84	1	1	1	2	0	0
3	44	1	1	1	2	1	0
3	90	1	1	1	1	0	0
3	57	1	1	1	2	1	0
1	62	1	1	1	2	0	0
2	108	1	1	1	2	0	0
1	29	2	2	1	2	1	1
2	39	1	1	1	2	0	0
2	38	1	1	1	2	0	0
1	95	1	1	1	1	0	0
2	13	1	1	1	2	1	0
2	29	1	1	2	1	0	0
2	115	1	1	1	2	0	0
2	54	2	3	1	2	0	0
1	76	1	1	1	2	0	0
1	88	1	1	1	2	1	0
3	23	1	1	1	2	1	1
2	56	1	1	1	2	0	0
3	135	2	4	1	1	0	0
2	39	1	1	1	2	0	0
2	28	1	2	1	2	0	0
2	147	2	1	1	2	0	0
3	73	3	3	1	2	0	0
2	91	1	1	2	2	0	0
1	96	1	1	1	2	0	0
2	52	1	1	2	2	1	0
2	70	1	1	1	2	0	0
2	50	1	1	1	2	0	0
3	88	1	2	2	2	1	0
2	32	1	2	1	2	0	0
3	32	2	1	2	1	1	1
3	87	1	1	1	2	0	0
2	38	1	1	1	2	0	0
2	73	1	1	1	1	0	0
1	31	1	1	1	2	0	0
2	32	1	1	1	2	0	0
2	61	1	1	1	2	0	0
2	61	1	3	1	1	0	0
2	100	1	1	1	2	0	0
2	53	1	1	1	2	0	0
3	95	1	3	1	2	0	0
2	134	1	1	1	1	0	0
2	80	1	1	1	2	0	0
3	129	2	1	1	2	0	0
2	74	1	1	1	2	0	0
2	150	1	1	1	1	0	0
3	49	1	1	1	2	0	0
2	33	1	1	2	2	0	0
1	145	1	1	2	1	0	0
3	58	1	1	2	2	0	0
1	49	1	2	1	2	0	0
3	83	2	2	1	1	0	0
3	58	2	1	1	2	1	0
3	147	1	1	1	2	0	0
2	31	1	1	2	2	0	0
3	74	2	1	2	2	0	0
1	72	1	2	1	2	0	0
2	64	1	2	1	2	1	0
2	35	1	2	1	2	0	0
2	75	1	1	2	2	1	0
2	37	1	2	1	2	0	0
3	21	2	2	2	2	1	1
2	50	1	1	1	2	0	0
2	72	2	1	2	2	1	0
1	110	1	1	1	2	0	0
1	95	1	1	1	2	0	0
2	56	1	1	2	2	0	0
2	100	1	1	1	2	0	0
1	80	1	3	1	2	1	1
2	113	1	1	2	2	0	0
3	31	1	2	2	2	0	0
3	124	1	1	2	1	0	0
2	87	1	1	1	2	0	0
3	143	2	1	2	1	0	0
2	45	1	2	1	2	1	0
2	65	1	1	1	2	0	0
3	50	2	1	1	2	1	0
3	32	2	3	1	2	1	1
2	60	1	1	1	2	0	0
3	28	1	1	2	2	1	1
3	72	2	2	1	2	1	1
2	86	1	2	1	2	0	0
1	57	1	1	1	2	0	0
1	67	1	1	1	2	0	0
3	49	1	2	1	2	1	0
1	52	1	1	1	2	0	0
2	50	1	1	1	2	0	0
2	135	1	1	1	2	0	0
2	49	2	2	1	2	1	1
3	144	2	1	2	2	0	0
1	96	1	1	1	2	0	0
2	51	1	1	1	2	1	0
2	55	1	1	2	2	1	0
1	98	1	1	1	2	0	0
3	36	1	4	2	1	1	1
2	93	2	2	1	2	0	0
2	118	1	1	1	1	0	0
1	58	1	1	1	2	0	0
1	28	1	1	1	2	0	0
2	80	1	1	1	2	0	0
1	21	1	1	1	2	1	0
2	29	2	2	1	2	0	0
2	102	1	1	1	2	0	0
2	16	1	2	1	2	1	1
2	26	3	3	1	2	0	0
1	37	1	1	1	2	0	0
1	44	1	1	1	2	0	0
2	45	1	1	1	2	0	0
2	31	1	1	1	2	0	0
2	86	1	1	1	2	0	0
3	77	2	4	1	1	0	0
1	148	1	2	1	2	0	0
2	52	2	2	1	2	0	0
3	30	2	3	1	2	1	1
3	138	1	1	2	2	0	0
1	74	1	1	1	2	1	0
2	46	2	1	1	2	0	0
2	69	2	1	1	2	0	0
1	102	1	1	1	2	0	0
1	35	1	1	1	2	0	0
2	147	1	2	1	2	0	0
3	71	1	1	2	2	0	0
3	30	1	1	2	2	1	0
3	100	1	1	2	2	0	0
2	85	1	1	1	2	1	0
1	19	1	1	1	2	1	0
2	83	1	1	1	2	1	0
2	87	1	1	1	2	0	0
2	69	2	1	1	2	0	0
2	107	1	1	2	1	0	0
2	124	2	1	1	2	0	0
3	79	1	2	2	1	0	0
1	142	1	2	1	2	0	0
2	118	1	1	1	2	0	0
3	4	2	3	1	2	1	0
2	94	3	1	1	2	0	0
2	77	1	2	1	1	0	0
2	5	1	2	1	2	1	0
2	82	1	2	2	2	1	1
1	22	1	1	1	2	1	0
2	106	1	1	1	2	0	0
1	57	1	1	1	2	0	0
2	86	1	1	1	2	0	0
2	132	1	1	1	2	0	0
1	92	1	1	1	2	0	0
1	29	1	1	1	2	0	0
2	57	1	1	1	2	0	0
3	33	1	1	1	2	0	0
1	103	1	1	1	2	0	0
3	111	2	3	1	2	0	0
3	39	1	1	2	2	0	0
3	30	1	1	2	2	0	0
2	39	3	2	1	2	0	0
1	124	1	2	2	2	1	0
3	14	3	1	2	1	1	1
2	142	1	1	1	2	0	0
2	29	2	2	1	2	1	0
3	83	1	1	2	2	0	0
1	88	1	1	2	2	0	0
3	77	2	3	1	2	0	0
2	122	2	3	1	2	0	0
3	107	1	1	1	2	1	0
2	32	2	1	1	2	0	0
2	112	1	1	1	2	0	0
3	51	1	1	2	2	0	0
2	72	1	1	1	2	0	0
3	28	2	1	1	1	0	0
2	69	1	1	1	2	0	0
2	108	1	1	1	2	1	0
2	79	1	1	1	2	1	1
3	108	2	3	2	2	0	0
2	22	1	1	1	2	1	1
2	14	2	3	1	2	1	1
2	79	1	2	1	2	0	0
2	64	1	1	1	1	0	0
2	83	1	2	1	2	1	0
1	65	1	1	1	2	0	0
3	59	1	1	2	2	0	0
2	100	1	2	1	2	0	0
3	100	1	1	1	2	0	0
3	150	1	1	2	1	0	0
2	78	1	1	2	2	1	1
2	50	1	1	1	2	0	0
2	32	1	1	1	2	0	0
2	14	1	1	1	2	1	0
2	64	1	3	1	2	0	0
3	68	1	2	1	1	1	1
2	62	2	4	1	1	0	0
3	61	1	1	1	2	0	0
2	38	1	1	1	2	0	0
1	130	1	1	1	1	0	0
2	32	1	1	1	2	0	0
2	120	1	1	1	2	0	0
1	99	1	1	1	2	0	0
3	45	1	4	2	2	1	0
3	97	1	1	2	1	1	1
3	26	1	2	1	2	1	1
3	59	1	3	1	2	1	1
1	142	1	1	1	2	0	0
3	38	2	1	2	2	0	0
2	13	1	3	1	2	1	1
2	93	1	1	1	1	0	0
2	75	1	1	2	2	1	0
2	81	1	2	1	2	1	0
2	42	1	2	1	2	0	0
3	137	2	3	2	1	0	0
2	87	1	1	1	2	0	0
1	95	1	1	1	2	0	0
2	33	1	2	1	2	0	0
2	55	1	1	1	2	0	0
1	33	2	3	1	2	0	0
2	81	1	1	1	2	0	0
1	141	1	1	2	2	0	0
3	72	1	1	1	2	1	0
3	65	2	3	2	2	0	0
1	46	1	1	1	2	0	0
3	36	2	1	1	2	0	0
3	107	1	1	1	1	0	0
3	61	1	1	1	2	1	1
2	90	2	1	1	2	0	0
2	37	2	2	1	2	0	0
3	86	2	1	2	2	0	0
2	53	1	1	1	2	0	0
2	82	1	1	1	2	0	0
2	111	1	1	2	2	0	0
3	93	2	2	1	2	0	0
2	35	2	2	1	2	0	0
2	23	1	1	1	2	1	0
3	53	1	1	2	2	0	0
2	75	2	3	1	2	1	0
3	106	1	1	2	1	0	0
2	5	2	3	2	2	1	1
3	75	2	1	1	2	0	0
3	92	2	2	1	2	1	0
2	51	2	3	1	2	0	0
2	24	1	1	1	2	1	0
2	30	2	1	1	2	0	0
1	64	1	1	1	2	0	0
3	117	1	1	1	1	0	0
2	24	1	1	1	2	0	0
1	146	1	1	2	1	0	0
2	49	1	1	1	2	0	0
3	124	1	1	1	2	1	0
2	59	1	1	1	2	0	0
2	30	1	1	1	2	0	0
3	141	1	1	1	2	0	0
3	115	2	1	2	2	1	0
3	68	1	1	1	1	0	0
3	23	2	1	2	2	1	0
3	129	2	1	1	2	1	0
3	155	1	2	1	2	0	0
3	53	2	1	1	2	1	1
1	72	1	1	1	2	0	0
2	155	2	1	1	2	0	0
2	107	2	2	1	2	1	0
2	154	2	2	1	1	0	0
3	21	2	3	2	1	1	1
1	18	1	1	1	2	1	0
3	105	1	1	1	2	0	0
1	54	1	1	1	2	0	0
3	75	1	1	1	1	1	1
3	20	1	1	1	2	1	0
2	155	1	1	1	2	0	0
2	54	1	2	1	1	0	0
2	41	1	1	2	2	0	0
2	41	1	1	1	2	0	0
3	54	2	2	1	2	1	1
3	30	3	3	1	2	1	1
1	154	1	1	1	2	0	0
3	100	2	2	2	1	0	0
1	153	1	1	1	2	1	0
2	146	1	1	1	2	1	0
3	154	2	2	1	2	0	0
2	116	1	1	1	1	1	0
2	155	1	1	1	2	0	0
3	36	2	4	1	2	1	1
3	155	2	1	1	2	0	0
2	148	1	1	1	2	0	0
3	149	1	1	1	1	0	0
2	153	1	1	1	2	0	0
3	152	1	3	2	1	0	0
2	152	2	2	1	1	0	0
3	92	1	2	1	2	1	0
3	33	1	1	2	1	0	0
2	60	2	2	2	1	1	1
1	63	2	2	1	2	0	0
3	154	1	1	1	2	0	0
2	153	1	1	1	1	0	0
2	154	1	1	1	2	0	0
2	111	2	1	1	2	1	0
2	47	2	3	1	2	1	1
2	132	1	1	2	2	1	0
3	20	2	2	2	2	1	1
2	29	1	1	1	2	1	0
3	153	2	1	2	1	0	0
3	153	2	1	1	1	0	0
2	94	2	2	1	2	0	0
2	155	2	2	1	2	0	0
3	153	2	4	1	1	0	0
3	56	1	2	1	2	1	0
2	47	1	1	1	2	1	0
2	155	2	2	1	2	0	0
3	155	1	1	2	1	0	0
3	153	1	1	1	2	0	0
2	91	1	1	1	2	1	0
2	65	1	3	1	2	1	1
3	155	1	1	1	2	0	0
3	147	2	2	2	1	1	1
2	142	1	1	1	2	1	1
3	29	1	1	1	1	0	0
3	145	1	1	2	2	1	0
2	10	3	3	1	2	1	1
3	47	2	2	2	1	1	1
2	154	1	1	1	2	0	0
3	67	2	1	1	2	1	1
2	24	2	3	1	2	1	0
2	117	1	1	1	2	1	0
2	40	3	3	1	2	1	0
2	153	1	1	1	1	0	0
1	26	1	1	1	2	0	0
2	46	2	1	2	2	1	0
3	34	1	1	1	2	0	0
2	155	1	1	1	2	0	0
3	62	1	1	2	2	1	1
2	152	2	1	1	2	0	0
2	154	2	3	1	1	0	0
3	155	2	1	2	1	0	0
1	114	1	1	1	2	0	0
3	89	2	2	1	1	0	0
1	46	1	1	1	2	0	0
3	152	2	2	2	2	0	0
3	153	2	2	1	2	0	0
2	74	1	2	1	2	0	0
2	153	2	1	1	2	0	0
2	47	1	1	1	2	0	0
3	131	1	1	1	2	1	1
2	155	1	1	1	1	0	0
2	32	1	1	1	2	0	0
2	47	2	3	1	2	1	1
1	63	2	1	1	2	1	0
3	119	1	1	2	2	1	1
3	20	2	2	1	2	1	1
2	81	1	2	1	1	0	0
2	60	1	1	2	2	0	0
3	35	1	3	2	1	1	1
1	153	1	2	1	2	0	0
2	52	1	1	1	2	0	0
3	102	1	1	1	2	1	0
2	152	2	1	1	2	0	0
1	117	1	1	1	2	0	0
2	115	2	1	1	2	1	0
3	150	2	1	1	2	0	0
2	82	1	1	1	2	1	0
3	74	1	1	1	2	1	1
3	131	1	2	2	2	0	0
2	98	1	1	1	2	1	0
2	144	1	1	1	2	0	0
3	153	1	1	2	1	0	0
3	75	1	2	1	1	0	0
3	44	2	1	1	1	0	0
3	37	2	1	1	2	1	1
3	151	1	1	2	2	0	0
2	153	1	1	1	1	0	0
3	76	2	1	1	2	1	0
3	22	2	1	2	2	1	0
2	152	1	1	1	2	0	0
2	155	2	1	2	2	0	0
3	151	1	2	1	1	0	0
3	58	2	4	2	2	1	1
3	41	3	3	1	1	1	1
1	154	1	1	1	1	0	0
1	149	1	1	1	1	0	0
2	98	1	2	1	2	1	0
2	49	1	1	1	2	1	0
2	154	1	1	1	2	0	0
2	153	2	3	1	2	0	0
3	154	1	1	2	2	0	0
2	29	1	1	1	2	1	0
3	151	1	2	2	2	0	0
2	153	1	1	1	1	0	0
1	153	1	1	2	1	0	0
2	139	1	1	1	1	0	0
2	153	2	1	1	2	0	0
3	150	2	3	1	2	1	0
3	151	1	1	2	2	0	0
3	7	3	3	2	1	1	1
2	154	2	1	2	2	0	0
2	111	1	1	1	2	1	1
2	62	1	1	1	2	1	0
2	154	2	2	1	2	0	0
3	95	2	1	2	2	1	0
2	155	1	1	1	2	0	0
1	152	1	1	1	2	0	0
3	34	2	3	1	2	1	1
1	110	1	1	1	2	1	0
3	45	3	4	2	2	0	0
3	154	1	1	1	2	0	0
3	129	2	2	2	2	0	0
1	149	1	1	1	2	0	0
2	153	1	1	1	1	0	0
2	148	2	1	1	2	0	0
2	61	1	1	1	2	1	1
2	152	1	1	1	2	0	0
3	152	2	1	1	2	0	0
3	122	1	1	1	2	1	0
2	155	2	2	1	2	0	0
2	149	1	1	1	2	0	0
1	152	1	1	1	1	0	0
3	138	2	2	1	1	0	0
3	155	2	1	1	1	0	0
3	153	1	1	1	2	0	0
2	148	1	1	1	2	0	0
3	153	2	2	1	2	0	0
2	154	2	2	1	2	0	0
2	44	2	1	2	1	1	1
3	9	2	2	1	2	1	0
2	147	1	2	1	1	0	0
2	151	1	1	2	2	0	0
3	34	2	1	1	2	1	1
1	153	2	2	1	2	0	0
3	152	1	1	2	2	0	0
3	83	2	1	2	2	0	0
2	153	1	3	1	1	0	0
2	152	1	1	2	1	0	0
2	153	1	1	1	2	0	0
3	31	1	1	2	2	0	0
3	155	1	1	2	1	0	0
3	29	1	2	2	1	1	1
3	150	2	3	1	2	0	0
2	16	1	2	1	2	1	0
2	103	2	2	2	1	0	0
3	31	1	3	2	1	1	1
3	13	2	3	2	1	1	1
1	150	1	1	1	2	0	0
1	149	1	1	2	2	0	0
3	129	1	4	1	1	1	1
3	63	1	1	1	2	0	0
2	31	2	1	2	1	1	1
3	55	1	1	1	2	1	0
3	52	1	3	1	2	1	1
1	152	1	1	1	1	0	0
2	42	1	3	1	2	1	1
3	151	2	1	1	1	0	0
3	86	1	1	1	1	0	0
3	114	2	3	1	1	1	1
3	105	2	1	1	1	0	0
3	84	2	2	1	1	0	0
3	12	2	3	1	2	1	1
3	43	3	3	2	2	1	1
2	150	1	1	1	2	0	0
3	28	1	1	1	2	1	0
3	148	2	1	1	1	0	0
3	152	1	1	2	1	0	0
3	121	1	1	2	2	0	0
2	148	2	1	2	2	0	0
1	151	1	1	1	2	0	0
2	152	2	3	1	2	0	0
2	152	1	2	1	2	0	0
3	153	1	1	1	1	0	0
3	152	1	1	1	1	0	0
1	123	1	1	1	1	0	0
2	11	1	3	1	2	1	1
2	153	1	1	1	2	0	0
1	154	1	2	1	2	0	0
1	152	1	1	2	2	0	0
2	151	1	1	2	2	0	0
2	153	1	1	1	1	0	0
2	69	2	3	1	2	1	0
2	149	1	3	1	2	0	0
2	152	1	1	1	1	0	0
2	73	1	1	1	1	0	0
2	132	1	1	1	2	0	0
3	1	2	2	2	2	1	1
3	54	1	1	2	1	0	0
2	153	1	2	1	2	0	0
3	131	1	1	2	2	1	0
3	148	1	1	2	2	0	0
3	152	2	1	1	1	0	0
2	153	2	1	1	1	0	0
3	149	2	1	1	1	0	0
1	150	1	1	1	2	0	0
1	145	1	1	1	2	0	0
2	145	2	2	1	2	0	0
2	150	1	1	2	2	1	0
3	150	2	1	1	2	0	0
3	155	2	3	1	1	0	0
3	151	1	2	2	1	0	0
2	39	3	1	2	1	1	1
3	149	2	1	2	1	0	0
3	151	2	1	2	2	0	0
3	151	1	1	1	2	0	0
3	151	1	2	1	2	0	0
2	86	1	1	1	1	0	0
3	50	1	2	2	2	1	0
2	150	1	1	1	2	0	0
3	149	1	1	1	2	0	0
2	64	1	1	2	2	0	0
3	151	1	2	1	1	0	0
3	150	2	1	2	2	0	0
3	152	2	1	2	1	0	0
3	37	1	3	1	2	1	0
2	153	1	3	2	2	0	0
1	151	1	1	1	2	0	0
2	38	2	2	1	1	1	0
2	151	1	2	2	1	0	0
3	48	2	1	1	2	1	1
3	152	2	1	1	1	0	0
3	129	2	4	1	2	1	1
3	147	1	1	1	2	0	0
1	147	1	1	2	1	0	0
2	141	1	1	1	1	1	0
2	151	2	1	1	2	0	0
3	5	2	1	2	2	1	1
3	63	2	2	1	1	1	1
3	54	2	2	1	2	1	0
2	150	1	3	1	2	0	0
2	93	1	1	1	2	1	0
1	88	1	1	1	2	0	0
3	51	2	2	2	1	1	1
2	150	1	1	1	2	0	0
3	152	2	1	1	2	0	0
2	152	1	1	2	1	0	0
3	139	2	1	2	1	0	0
2	19	2	1	1	2	1	1
2	151	1	1	1	2	0	0
2	102	1	1	1	2	1	1
3	107	1	1	1	2	1	1
2	149	1	1	1	1	1	1
3	141	1	2	1	2	1	0
3	86	2	2	2	2	1	0
3	31	1	2	1	2	1	0
1	31	1	1	2	2	1	0
3	151	1	1	2	1	0	0
3	87	3	3	1	1	1	1
3	150	1	1	1	2	0	0
3	20	2	4	1	2	1	0
3	107	3	1	2	1	1	0
2	22	1	1	1	2	1	1
3	136	1	1	2	1	0	0
3	150	2	2	1	1	0	0
2	91	2	1	1	1	1	1
2	151	1	1	1	2	0	0
2	43	3	3	1	2	0	0
3	24	1	2	2	2	1	1
1	143	1	1	1	2	1	0
2	152	1	1	1	2	0	0
1	103	1	1	1	2	1	0
2	148	1	1	1	1	0	0
3	150	2	2	2	2	0	0
2	80	1	1	1	2	1	0
3	65	1	2	1	2	1	1
2	115	1	2	1	1	1	0
2	150	1	1	1	2	0	0
2	143	1	3	1	2	1	0
2	149	1	1	1	2	0	0
2	76	1	1	1	2	0	0
3	149	1	2	2	1	0	0
2	152	1	1	2	1	0	0
3	61	1	1	1	1	0	0
2	152	1	1	2	1	0	0
2	27	1	1	1	2	1	1
2	31	1	1	1	2	1	1
3	150	1	1	2	2	0	0
1	145	1	2	1	1	0	0
2	44	2	2	1	2	1	0
3	151	2	1	1	2	0	0
2	99	1	1	1	2	1	0
3	151	2	1	2	1	0	0
2	146	1	1	1	2	0	0
1	151	1	1	1	2	0	0
2	93	2	2	1	2	1	0
3	119	1	2	1	1	0	0
3	149	1	2	1	2	0	0
3	30	2	3	2	2	1	0
1	132	1	2	1	1	0	0
1	86	1	2	1	2	1	0
2	90	1	1	1	2	1	0
3	23	1	2	2	2	1	1
2	76	1	1	2	2	0	0
3	152	1	1	1	2	0	0
2	148	1	1	1	2	0	0
2	86	2	1	1	2	1	0
3	141	1	2	2	1	1	1
1	33	1	1	1	2	0	0
3	150	1	1	1	1	0	0
2	138	1	1	1	1	0	0
3	85	1	1	2	2	1	1
2	146	1	1	1	2	0	0
3	14	2	2	2	1	1	1
2	149	1	1	1	2	0	0
2	148	1	1	2	2	0	0
2	152	2	1	1	2	0	0
1	150	1	2	1	2	0	0
3	115	2	3	1	2	1	1
3	129	2	4	1	2	1	1
2	148	1	3	1	2	0	0
